# tile city: tile index per cell (see tiles.py), '.' = empty
66 66 84 66 66  4  5  4 18 18 14 50 16  1  1  5
 4  5 66  4  8 12 12 12 17 17  1  1  1  8 18  9
11 10  1 10  6  0  0 11  6 11  8  1  1 12 17 19
 7  1  1  1  1 12  6 15 16 20 20  5 50  0  0  0
 4  1  1  1  3  6 72 70 50  4  8 12  1 17  9  0
15 85 66 72 70 72 81 70 66  0  7  6 66 21  6  0
66 82 72 80 78 74 75 50 66  0  4  1  1 12  1  6
69 66 71 73 71 73 71 70 82  0  7  1  1  9 66 66
71 73 72 74 68 74  4  1  3 12  1 14 66  2 66 83
50 71 74 85 50 66  7  1  3 10  1  1  1  6 66 66
