# tile city: tile index per cell (see tiles.py), '.' = empty
 4 133 209 103 104  4  1  1 117 133 153 163 131  5 108 109
21 19 105 208 107 21  3  5 190  7 117 121 20 134 213 111
 0 114 165 130 117 134 193 118 161 100 166 186 148 160 212 113
 0  0 191 119 178  4  8  6 192 204  4  1 116 116 116  5
41 43  4  9 53 15 136  1 116 120  9  4  3  8  1  9
15  0  0  2 51 192 198 199 131 117 19  0 183 115 151 115
179 119 15 114 181 130  1 14  0 162 11 134 145 136 121 135
143 119 143 115 53 136 117  1  9 167 137  5 13 146 182 142
151 115 172  0 51 182 138 147 115 168 152  2 11  3 133 153
171 137 116 134 141 52 60 54  7 120 116 10 134 177  7 14
