# tile city: tile index per cell (see tiles.py), '.' = empty
86 88  4  5 30 25 25 25 31  4  1 38 14 72 76 70
108 109  0  0 33 27  4  1 44  6 26 34 27 71 73 93
110 111 15 21 14 24  7  3  3  5 22 29 28 90 71 73
112 113 30 48 25 28 13  4 42  9 22 13 66 91 72 74
94 95 24  7 38  5  0 41 36 48 37 48 31 87 71 73
96 97 24 26 32  7 12  9 24  7 44  6 22 88 86 67
90 84 33 34 27 66  7  6 33 27 85 26 32 87 88 93
86 66 26 32 33 27 26 23 23 35 23 32 87 91 82 87
86 92 29 25 25 28 29 25 25 28 66 87 86 66 94 95
92 89 86 88 98 99 87 66 86 86 89 66 85 87 96 97
